. Sequence file : [P_no_stop_codons.phy]

. Model of nucleotides substitution : HKY85

. Initial tree : [user tree (trees/P_no_stop_codons_FT.nwk)]


. Data	Nb of 	Likelihood	Discrete   	Number of 	Gamma shape	Proportion of	Transition/ 	Nucleotides frequencies               	
  set	taxa	loglk     	gamma model	categories	parameter  	invariant    	transversion	f(A)      f(C)      f(G)      f(T)    	

  #1	47   	-5320.39776	Yes        	4        	1.039    	0.000    	10.798     	 0.33633   0.20787   0.22020   0.23561	

  #2	47   	-5314.96577	Yes        	4        	0.368    	0.000    	19.140     	 0.32413   0.20610   0.25511   0.21466	

  #3	47   	-5217.71351	Yes        	4        	1.255    	0.000    	11.533     	 0.35455   0.19620   0.24349   0.20575	

  #4	47   	-5251.79606	Yes        	4        	1.343    	0.000    	14.301     	 0.32596   0.20494   0.24482   0.22428	

  #5	47   	-5262.75235	Yes        	4        	1.394    	0.000    	15.160     	 0.33051   0.18720   0.25436   0.22793	

  #6	47   	-5548.50386	Yes        	4        	1.074    	0.000    	10.659     	 0.33409   0.21234   0.23632   0.21725	

  #7	47   	-5032.36515	Yes        	4        	0.753    	0.000    	15.240     	 0.32672   0.20376   0.25190   0.21762	

  #8	47   	-5386.57105	Yes        	4        	0.990    	0.000    	15.106     	 0.33953   0.20321   0.22870   0.22856	

  #9	47   	-5189.20037	Yes        	4        	1.057    	0.000    	17.638     	 0.34914   0.19400   0.23700   0.21986	

  #10	47   	-5188.75303	Yes        	4        	1.384    	0.000    	9.607     	 0.33801   0.19852   0.22855   0.23492	

  #11	47   	-5243.99996	Yes        	4        	1.376    	0.000    	10.623     	 0.33953   0.20639   0.22004   0.23404	

  #12	47   	-5514.26657	Yes        	4        	0.469    	0.000    	14.558     	 0.32931   0.19787   0.24034   0.23248	

  #13	47   	-5266.16890	Yes        	4        	0.585    	0.000    	11.972     	 0.34223   0.20310   0.22383   0.23084	

  #14	47   	-5124.96741	Yes        	4        	0.853    	0.000    	14.397     	 0.33711   0.19296   0.23612   0.23380	

  #15	47   	-5257.71241	Yes        	4        	0.943    	0.000    	14.234     	 0.31224   0.19619   0.24564   0.24593	

  #16	47   	-5410.10211	Yes        	4        	0.457    	0.000    	19.979     	 0.33445   0.20980   0.23998   0.21577	

  #17	47   	-5394.62202	Yes        	4        	1.143    	0.000    	13.329     	 0.33447   0.20262   0.23085   0.23207	

  #18	47   	-5224.87077	Yes        	4        	0.464    	0.000    	18.574     	 0.33695   0.19798   0.23484   0.23023	

  #19	47   	-5455.35535	Yes        	4        	1.430    	0.000    	16.800     	 0.32638   0.19666   0.24464   0.23232	

  #20	47   	-5302.69104	Yes        	4        	0.815    	0.000    	14.876     	 0.34576   0.20430   0.24001   0.20993	

  #21	47   	-5322.31014	Yes        	4        	0.655    	0.000    	12.455     	 0.34264   0.21501   0.23255   0.20980	

  #22	47   	-5346.22087	Yes        	4        	0.999    	0.000    	14.671     	 0.32229   0.19357   0.24471   0.23944	

  #23	47   	-5232.27878	Yes        	4        	0.838    	0.000    	13.006     	 0.31912   0.20909   0.24437   0.22743	

  #24	47   	-5372.67697	Yes        	4        	0.442    	0.000    	15.869     	 0.34034   0.20136   0.24577   0.21253	

  #25	47   	-5370.51501	Yes        	4        	0.991    	0.000    	14.348     	 0.32737   0.19353   0.23549   0.24361	

  #26	47   	-5205.38844	Yes        	4        	0.524    	0.000    	16.993     	 0.32429   0.19424   0.24345   0.23801	

  #27	47   	-5335.17944	Yes        	4        	0.524    	0.000    	15.746     	 0.34319   0.19578   0.24241   0.21861	

  #28	47   	-5451.05802	Yes        	4        	2.013    	0.000    	10.715     	 0.32078   0.21882   0.22617   0.23424	

  #29	47   	-5188.34654	Yes        	4        	2.195    	0.000    	12.444     	 0.33424   0.19610   0.24919   0.22047	

  #30	47   	-5269.12113	Yes        	4        	1.000    	0.000    	15.541     	 0.34821   0.20051   0.23504   0.21625	

  #31	47   	-5251.81017	Yes        	4        	0.693    	0.000    	14.068     	 0.32066   0.21049   0.23944   0.22941	

  #32	47   	-5125.23873	Yes        	4        	1.519    	0.000    	14.335     	 0.35455   0.19436   0.23227   0.21883	

  #33	47   	-5381.95870	Yes        	4        	0.554    	0.000    	13.010     	 0.32648   0.20495   0.23989   0.22869	

  #34	47   	-5078.94115	Yes        	4        	0.752    	0.000    	16.801     	 0.33560   0.20374   0.24468   0.21598	

  #35	47   	-5170.60630	Yes        	4        	0.699    	0.000    	13.565     	 0.34617   0.18841   0.25008   0.21534	

  #36	47   	-5176.71396	Yes        	4        	1.107    	0.000    	12.185     	 0.31528   0.21403   0.24002   0.23067	

  #37	47   	-5285.28321	Yes        	4        	1.116    	0.000    	13.529     	 0.34759   0.17889   0.23929   0.23423	

  #38	47   	-5466.63135	Yes        	4        	0.621    	0.000    	16.893     	 0.33507   0.19308   0.23732   0.23453	

  #39	47   	-5353.69510	Yes        	4        	0.575    	0.000    	15.104     	 0.34373   0.18219   0.23525   0.23883	

  #40	47   	-5377.91577	Yes        	4        	0.819    	0.000    	11.565     	 0.32830   0.20809   0.22508   0.23853	

  #41	47   	-5436.65859	Yes        	4        	0.678    	0.000    	12.862     	 0.33027   0.20154   0.24510   0.22308	

  #42	47   	-5171.69713	Yes        	4        	0.790    	0.000    	14.142     	 0.32986   0.19599   0.23974   0.23441	

  #43	47   	-5320.34277	Yes        	4        	0.904    	0.000    	13.705     	 0.34168   0.19899   0.23838   0.22095	

  #44	47   	-5291.70466	Yes        	4        	2.460    	0.000    	14.628     	 0.34721   0.20071   0.22537   0.22671	

  #45	47   	-5473.46258	Yes        	4        	0.536    	0.000    	15.166     	 0.33680   0.20274   0.24838   0.21208	

  #46	47   	-5397.59258	Yes        	4        	0.840    	0.000    	12.893     	 0.34721   0.20402   0.23549   0.21328	

  #47	47   	-5104.19152	Yes        	4        	0.621    	0.000    	13.126     	 0.33277   0.19948   0.24068   0.22707	

  #48	47   	-5278.71148	Yes        	4        	0.797    	0.000    	19.967     	 0.33908   0.20559   0.22266   0.23268	

  #49	47   	-5176.27624	Yes        	4        	0.496    	0.000    	12.673     	 0.33895   0.20470   0.23350   0.22285	

  #50	47   	-5224.98141	Yes        	4        	1.221    	0.000    	12.469     	 0.34416   0.19888   0.23965   0.21730	

  #51	47   	-5304.88421	Yes        	4        	0.456    	0.000    	14.735     	 0.34506   0.19784   0.23202   0.22508	

  #52	47   	-5282.12976	Yes        	4        	0.619    	0.000    	12.631     	 0.35429   0.18311   0.23776   0.22484	

  #53	47   	-5199.88262	Yes        	4        	0.616    	0.000    	13.692     	 0.32892   0.19178   0.26707   0.21223	

  #54	47   	-5131.76371	Yes        	4        	0.841    	0.000    	14.987     	 0.34056   0.18081   0.24246   0.23617	

  #55	47   	-5272.04133	Yes        	4        	0.988    	0.000    	12.937     	 0.33412   0.19855   0.22273   0.24460	

  #56	47   	-5298.14081	Yes        	4        	0.717    	0.000    	15.770     	 0.32840   0.21286   0.24418   0.21456	

  #57	47   	-5393.74424	Yes        	4        	0.762    	0.000    	11.152     	 0.33682   0.19333   0.25706   0.21278	

  #58	47   	-5287.93390	Yes        	4        	0.607    	0.000    	10.307     	 0.34350   0.19873   0.23678   0.22099	

  #59	47   	-5335.35138	Yes        	4        	0.991    	0.000    	14.142     	 0.33124   0.19659   0.23711   0.23506	

  #60	47   	-5364.45359	Yes        	4        	0.611    	0.000    	13.558     	 0.32977   0.19641   0.24112   0.23270	

  #61	47   	-5218.10496	Yes        	4        	0.510    	0.000    	14.215     	 0.33510   0.19665   0.22811   0.24014	

  #62	47   	-5289.54226	Yes        	4        	0.954    	0.000    	12.208     	 0.32736   0.19982   0.24393   0.22889	

  #63	47   	-5176.48848	Yes        	4        	2.669    	0.000    	13.416     	 0.32548   0.19716   0.23777   0.23959	

  #64	47   	-5173.79948	Yes        	4        	1.035    	0.000    	11.866     	 0.34310   0.18167   0.25193   0.22330	

  #65	47   	-5570.35002	Yes        	4        	0.790    	0.000    	11.868     	 0.32195   0.21044   0.22956   0.23805	

  #66	47   	-5376.82699	Yes        	4        	0.937    	0.000    	13.546     	 0.33445   0.19593   0.23707   0.23255	

  #67	47   	-5304.42077	Yes        	4        	0.658    	0.000    	14.980     	 0.34043   0.20578   0.24006   0.21372	

  #68	47   	-5268.68964	Yes        	4        	0.555    	0.000    	15.593     	 0.32828   0.20390   0.23243   0.23539	

  #69	47   	-5242.94470	Yes        	4        	0.696    	0.000    	18.218     	 0.33341   0.20848   0.22172   0.23639	

  #70	47   	-5465.67249	Yes        	4        	0.729    	0.000    	12.583     	 0.33156   0.19253   0.23813   0.23779	

  #71	47   	-5163.75414	Yes        	4        	0.644    	0.000    	17.603     	 0.34577   0.20373   0.21540   0.23511	

  #72	47   	-5224.07482	Yes        	4        	0.768    	0.000    	16.160     	 0.32931   0.19632   0.24713   0.22725	

  #73	47   	-5244.37043	Yes        	4        	0.593    	0.000    	13.809     	 0.32027   0.20824   0.23289   0.23860	

  #74	47   	-5304.64405	Yes        	4        	0.548    	0.000    	11.576     	 0.34098   0.19711   0.23326   0.22865	

  #75	47   	-5173.56485	Yes        	4        	0.594    	0.000    	13.383     	 0.32765   0.19734   0.24474   0.23027	

  #76	47   	-5470.14593	Yes        	4        	1.408    	0.000    	14.009     	 0.33084   0.20278   0.22716   0.23923	

  #77	47   	-5349.49071	Yes        	4        	0.424    	0.000    	16.128     	 0.34593   0.18888   0.24409   0.22110	

  #78	47   	-5278.63179	Yes        	4        	0.732    	0.000    	18.365     	 0.33873   0.19992   0.24577   0.21558	

  #79	47   	-5372.16308	Yes        	4        	0.537    	0.000    	16.694     	 0.34590   0.18897   0.23907   0.22606	

  #80	47   	-5386.24941	Yes        	4        	0.916    	0.000    	14.896     	 0.33834   0.19191   0.23113   0.23862	

  #81	47   	-5040.43533	Yes        	4        	1.132    	0.000    	13.232     	 0.32571   0.19525   0.23485   0.24419	

  #82	47   	-5209.40840	Yes        	4        	0.649    	0.000    	13.672     	 0.34094   0.19484   0.23484   0.22938	

  #83	47   	-5369.14452	Yes        	4        	0.606    	0.000    	11.893     	 0.34565   0.19104   0.23268   0.23064	

  #84	47   	-5378.53931	Yes        	4        	0.801    	0.000    	12.766     	 0.34141   0.19582   0.23675   0.22602	

  #85	47   	-5205.06226	Yes        	4        	0.509    	0.000    	19.987     	 0.32730   0.20202   0.24237   0.22831	

  #86	47   	-5411.15433	Yes        	4        	1.889    	0.000    	14.514     	 0.32818   0.20177   0.21733   0.25272	

  #87	47   	-5139.84436	Yes        	4        	0.655    	0.000    	14.584     	 0.33770   0.19221   0.23576   0.23433	

  #88	47   	-5609.43798	Yes        	4        	0.911    	0.000    	14.552     	 0.34443   0.18780   0.24533   0.22244	

  #89	47   	-5354.60444	Yes        	4        	0.806    	0.000    	13.578     	 0.33971   0.20235   0.22329   0.23465	

  #90	47   	-5212.72753	Yes        	4        	1.212    	0.000    	14.073     	 0.32983   0.21656   0.21895   0.23466	

  #91	47   	-5310.71790	Yes        	4        	0.890    	0.000    	14.052     	 0.35234   0.19823   0.22104   0.22839	

  #92	47   	-5202.06142	Yes        	4        	0.835    	0.000    	12.816     	 0.33410   0.21247   0.23879   0.21464	

  #93	47   	-5348.01029	Yes        	4        	1.113    	0.000    	12.923     	 0.33407   0.20307   0.23411   0.22874	

  #94	47   	-5206.87902	Yes        	4        	0.634    	0.000    	14.099     	 0.33637   0.20159   0.24887   0.21318	

  #95	47   	-5297.89562	Yes        	4        	0.563    	0.000    	13.288     	 0.34872   0.18655   0.24002   0.22471	

  #96	47   	-5255.33925	Yes        	4        	0.742    	0.000    	14.743     	 0.35175   0.21914   0.21992   0.20919	

  #97	47   	-5129.94693	Yes        	4        	0.899    	0.000    	13.297     	 0.31111   0.19776   0.26287   0.22825	

  #98	47   	-5219.33401	Yes        	4        	0.701    	0.000    	18.326     	 0.33296   0.18455   0.23945   0.24304	

  #99	47   	-5268.24911	Yes        	4        	0.843    	0.000    	12.065     	 0.33888   0.19569   0.24277   0.22265	

  #100	47   	-5258.47101	Yes        	4        	1.166    	0.000    	11.736     	 0.33027   0.21330   0.24034   0.21609	

  #101	47   	-5178.29662	Yes        	4        	0.690    	0.000    	16.527     	 0.34337   0.18977   0.23099   0.23587	

  #102	47   	-5275.95678	Yes        	4        	0.686    	0.000    	15.259     	 0.31930   0.20959   0.24090   0.23021	

  #103	47   	-5372.78298	Yes        	4        	2.026    	0.000    	14.510     	 0.32943   0.19301   0.23784   0.23973	

  #104	47   	-5383.58438	Yes        	4        	0.745    	0.000    	11.560     	 0.32712   0.19407   0.24810   0.23072	

  #105	47   	-5247.37132	Yes        	4        	0.852    	0.000    	13.547     	 0.33919   0.19609   0.25176   0.21295	

  #106	47   	-5242.80590	Yes        	4        	1.102    	0.000    	17.370     	 0.33521   0.20941   0.21524   0.24014	

  #107	47   	-5202.29154	Yes        	4        	0.519    	0.000    	13.652     	 0.33680   0.19192   0.24381   0.22747	

  #108	47   	-4908.94646	Yes        	4        	3.331    	0.000    	11.312     	 0.35142   0.17729   0.23591   0.23539	

  #109	47   	-5233.38265	Yes        	4        	0.902    	0.000    	11.888     	 0.35312   0.19275   0.23341   0.22072	

